%	Data	Horai	Lat	Lon	Freqs
%31/08/2009  19:00     -31.56667	    -49.86667	  1.28
%Tempo	Heave	etaEW	etaNS
   0.8	  0.800	   0.410000	   0.470000
   1.6	  0.870	  -0.410000	   0.530000
   2.3	  0.650	  -0.690000	   0.320000
   3.1	  0.350	  -0.620000	  -0.050000
   3.9	 -0.030	  -0.410000	  -0.310000
   4.7	 -0.210	  -0.210000	  -0.310000
   5.5	 -0.300	  -0.220000	  -0.010000
   6.3	 -0.510	  -0.060000	   0.190000
   7.0	 -0.380	   0.220000	   0.320000
   7.8	 -0.100	   0.220000	   0.240000
   8.6	 -0.050	   0.200000	   0.080000
   9.4	  0.100	   0.180000	  -0.180000
  10.2	  0.130	   0.040000	  -0.240000
  10.9	  0.040	  -0.020000	   0.030000
  11.7	  0.180	  -0.190000	   0.220000
  12.5	  0.110	  -0.150000	   0.170000
  13.3	  0.380	  -0.320000	  -0.060000
  14.1	  0.000	  -0.430000	  -0.230000
  14.8	 -0.460	  -0.130000	  -0.370000
  15.6	 -0.640	   0.300000	  -0.210000
  16.4	 -0.430	   0.670000	   0.220000
  17.2	  0.160	   0.740000	   0.400000
  18.0	  0.720	   0.310000	   0.120000
  18.8	  0.790	  -0.370000	  -0.270000
  19.5	  0.150	  -0.600000	  -0.300000
  20.3	 -0.480	  -0.210000	  -0.150000
  21.1	 -0.170	   0.020000	   0.120000
  21.9	 -0.010	  -0.110000	   0.280000
  22.7	  0.030	  -0.070000	   0.020000
  23.4	  0.140	  -0.140000	  -0.060000
  24.2	 -0.020	  -0.300000	   0.120000
  25.0	 -0.230	  -0.230000	   0.090000
  25.8	 -0.210	   0.180000	  -0.180000
  26.6	  0.010	   0.210000	  -0.200000
  27.3	 -0.100	   0.080000	   0.050000
  28.1	  0.010	   0.190000	  -0.030000
  28.9	  0.040	   0.280000	  -0.130000
  29.7	  0.010	   0.350000	   0.180000
  30.5	  0.180	   0.190000	   0.300000
  31.3	  0.040	   0.170000	   0.070000
  32.0	 -0.010	   0.160000	   0.030000
  32.8	  0.230	  -0.130000	   0.070000
  33.6	  0.000	  -0.390000	  -0.050000
  34.4	 -0.540	  -0.080000	   0.050000
  35.2	 -0.310	   0.270000	   0.210000
  35.9	  0.300	   0.200000	  -0.010000
  36.7	  0.520	  -0.130000	  -0.530000
  37.5	  0.180	  -0.520000	  -0.640000
  38.3	 -0.440	  -0.470000	  -0.030000
  39.1	 -0.320	  -0.100000	   0.560000
  39.8	  0.100	   0.120000	   0.630000
  40.6	  0.180	   0.320000	   0.240000
  41.4	  0.300	   0.360000	  -0.240000
  42.2	  0.330	   0.050000	  -0.430000
  43.0	  0.060	  -0.250000	  -0.200000
  43.8	 -0.130	  -0.310000	   0.030000
  44.5	 -0.230	  -0.180000	   0.020000
  45.3	 -0.270	  -0.140000	   0.080000
  46.1	 -0.270	  -0.080000	   0.260000
  46.9	 -0.130	   0.000000	   0.150000
  47.7	 -0.120	   0.160000	  -0.330000
  48.4	 -0.030	   0.220000	  -0.330000
  49.2	  0.000	   0.080000	   0.080000
  50.0	 -0.260	   0.270000	   0.180000
  50.8	 -0.090	   0.700000	   0.320000
  51.6	  0.590	   0.530000	   0.300000
  52.4	  1.010	  -0.190000	  -0.030000
  53.1	  0.870	  -0.990000	  -0.320000
  53.9	  0.020	  -1.250000	  -0.490000
  54.7	 -0.860	  -0.710000	  -0.350000
  55.5	 -0.760	  -0.090000	   0.040000
  56.3	 -0.340	   0.060000	   0.200000
  57.0	 -0.710	   0.400000	   0.560000
  57.8	 -0.580	   0.910000	   0.880000
  58.6	  0.260	   1.260000	   0.600000
  59.4	  1.170	   0.860000	  -0.290000
  60.2	  1.420	  -0.220000	  -1.040000
  60.9	  0.870	  -1.260000	  -0.860000
  61.7	 -0.230	  -1.350000	  -0.340000
  62.5	 -1.080	  -0.590000	   0.040000
  63.3	 -1.290	   0.440000	   0.430000
  64.1	 -1.110	   1.230000	   0.970000
  64.9	 -0.040	   1.410000	   1.100000
  65.6	  0.920	   0.680000	   0.510000
  66.4	  1.090	  -0.510000	  -0.260000
  67.2	  0.610	  -1.150000	  -0.700000
  68.0	  0.000	  -1.070000	  -0.800000
  68.8	 -0.590	  -0.540000	  -0.550000
  69.5	 -0.710	   0.180000	  -0.070000
  70.3	 -0.270	   0.660000	   0.370000
  71.1	  0.280	   0.410000	   0.740000
  71.9	  0.540	  -0.170000	   0.760000
  72.7	  0.180	  -0.390000	   0.640000
  73.4	  0.250	  -0.330000	   0.480000
  74.2	  0.200	  -0.360000	  -0.310000
  75.0	 -0.350	  -0.140000	  -1.120000
  75.8	 -0.660	   0.320000	  -0.870000
  76.6	 -0.420	   0.540000	  -0.170000
  77.4	 -0.060	   0.290000	   0.400000
  78.1	  0.060	   0.020000	   0.720000
  78.9	  0.480	  -0.300000	   0.370000
  79.7	  0.500	  -0.620000	  -0.050000
  80.5	  0.090	  -0.540000	  -0.290000
  81.3	 -0.110	  -0.320000	  -0.230000
  82.0	 -0.270	  -0.070000	   0.000000
  82.8	 -0.110	   0.250000	  -0.070000
  83.6	 -0.150	   0.530000	  -0.160000
  84.4	 -0.180	   0.590000	   0.140000
  85.2	  0.080	   0.400000	   0.160000
  85.9	 -0.020	   0.380000	   0.120000
  86.7	  0.120	   0.510000	   0.220000
  87.5	  0.590	   0.050000	   0.210000
  88.3	  0.240	  -0.590000	   0.060000
  89.1	 -0.390	  -0.540000	   0.040000
  89.9	 -0.190	   0.010000	  -0.220000
  90.6	  0.120	   0.240000	  -0.360000
  91.4	  0.110	   0.000000	  -0.100000
  92.2	  0.040	  -0.230000	  -0.140000
  93.0	 -0.270	  -0.120000	  -0.210000
  93.8	 -0.480	   0.080000	   0.020000
  94.5	 -0.140	   0.170000	   0.300000
  95.3	  0.000	   0.000000	   0.380000
  96.1	  0.200	  -0.140000	   0.150000
  96.9	  0.240	  -0.160000	  -0.270000
  97.7	  0.120	  -0.070000	  -0.400000
  98.5	  0.180	  -0.160000	  -0.330000
  99.2	  0.040	  -0.120000	  -0.150000
 100.0	 -0.090	   0.200000	   0.110000
 100.8	 -0.100	   0.470000	   0.330000
 101.6	  0.330	   0.360000	   0.280000
 102.4	  0.460	  -0.200000	   0.240000
 103.1	  0.080	  -0.680000	   0.390000
 103.9	 -0.520	  -0.500000	   0.220000
 104.7	 -0.670	  -0.040000	  -0.080000
 105.5	 -0.630	   0.300000	  -0.110000
 106.3	 -0.420	   0.640000	  -0.030000
 107.0	  0.040	   0.720000	  -0.290000
 107.8	  0.440	   0.480000	  -0.290000
 108.6	  0.930	  -0.190000	  -0.210000
 109.4	  0.860	  -0.910000	  -0.310000
 110.2	  0.230	  -1.130000	  -0.100000
 111.0	 -0.590	  -0.700000	   0.430000
 111.7	 -0.640	   0.090000	   0.670000
 112.5	 -0.200	   0.580000	   0.260000
 113.3	 -0.040	   0.740000	   0.190000
 114.1	  0.230	   0.610000	   0.240000
 114.9	  0.470	   0.100000	  -0.150000
 115.6	  0.140	  -0.410000	  -0.570000
 116.4	 -0.190	  -0.420000	  -0.590000
 117.2	 -0.410	  -0.200000	  -0.370000
 118.0	 -0.420	   0.000000	  -0.040000
 118.8	  0.000	   0.000000	   0.100000
 119.5	  0.160	   0.040000	   0.060000
 120.3	  0.250	  -0.050000	   0.220000
 121.1	  0.000	  -0.110000	   0.370000
 121.9	 -0.190	   0.140000	   0.230000
 122.7	 -0.130	   0.500000	  -0.060000
 123.5	 -0.020	   0.720000	  -0.090000
 124.2	  0.170	   0.570000	   0.000000
 125.0	  0.260	   0.400000	   0.200000
 125.8	  0.540	  -0.080000	   0.280000
 126.6	  0.330	  -0.680000	   0.150000
 127.4	 -0.140	  -0.770000	  -0.020000
 128.1	 -0.400	  -0.520000	  -0.150000
 128.9	 -0.560	  -0.100000	  -0.150000
 129.7	 -0.350	   0.010000	   0.020000
 130.5	 -0.230	   0.110000	   0.040000
 131.3	 -0.170	   0.220000	   0.210000
 132.0	  0.560	   0.070000	  -0.010000
 132.8	  0.740	  -0.190000	  -0.460000
 133.6	  0.330	  -0.370000	  -0.350000
 134.4	  0.090	  -0.460000	  -0.080000
 135.2	 -0.250	  -0.140000	  -0.060000
 136.0	 -0.320	   0.290000	   0.040000
 136.7	 -0.220	   0.360000	   0.300000
 137.5	 -0.220	   0.210000	   0.400000
 138.3	 -0.200	   0.160000	   0.330000
 139.1	  0.150	   0.140000	   0.090000
 139.9	  0.440	  -0.190000	  -0.210000
 140.6	 -0.070	  -0.260000	  -0.430000
 141.4	 -0.670	   0.220000	  -0.360000
 142.2	 -0.290	   0.630000	   0.010000
 143.0	  0.170	   0.530000	   0.300000
 143.8	  0.400	   0.280000	   0.610000
 144.6	  0.740	  -0.050000	   0.540000
 145.3	  0.640	  -0.580000	   0.030000
 146.1	  0.060	  -0.810000	  -0.300000
 146.9	 -0.370	  -0.650000	  -0.410000
 147.7	 -0.600	  -0.230000	  -0.360000
 148.5	 -0.430	   0.150000	  -0.090000
 149.2	 -0.360	   0.310000	   0.070000
 150.0	 -0.060	   0.330000	   0.170000
 150.8	  0.250	   0.270000	  -0.140000
 151.6	  0.290	   0.150000	  -0.270000
 152.4	  0.350	   0.000000	  -0.150000
 153.1	  0.360	  -0.150000	   0.080000
 153.9	  0.250	  -0.390000	   0.220000
 154.7	  0.050	  -0.500000	   0.010000
 155.5	 -0.280	  -0.400000	  -0.120000
 156.3	 -0.940	   0.260000	  -0.090000
 157.1	 -0.830	   0.960000	   0.110000
 157.8	 -0.150	   1.060000	   0.340000
 158.6	  0.480	   0.480000	   0.310000
 159.4	  0.750	  -0.210000	   0.250000
 160.2	  0.610	  -0.510000	  -0.020000
 161.0	  0.540	  -0.770000	  -0.320000
 161.7	 -0.250	  -0.770000	  -0.310000
 162.5	 -0.990	  -0.010000	   0.040000
 163.3	 -0.430	   0.480000	   0.480000
 164.1	  0.110	   0.410000	   0.410000
 164.9	  0.260	   0.210000	   0.030000
 165.6	  0.290	   0.030000	  -0.060000
 166.4	  0.210	  -0.110000	   0.210000
 167.2	  0.450	  -0.310000	   0.000000
 168.0	  0.240	  -0.710000	  -0.270000
 168.8	 -0.360	  -0.590000	  -0.250000
 169.6	 -0.450	  -0.100000	  -0.140000
 170.3	 -0.230	   0.200000	  -0.190000
 171.1	 -0.430	   0.380000	  -0.190000
 171.9	 -0.670	   0.790000	   0.130000
 172.7	  0.160	   0.950000	   0.290000
 173.5	  0.940	   0.370000	   0.050000
 174.2	  0.900	  -0.540000	  -0.060000
 175.0	  0.180	  -1.060000	  -0.100000
 175.8	 -0.460	  -0.690000	  -0.140000
 176.6	 -0.520	  -0.080000	  -0.190000
 177.4	 -0.280	   0.210000	  -0.060000
 178.1	  0.070	   0.120000	   0.070000
 178.9	  0.170	   0.060000	  -0.030000
 179.7	 -0.100	   0.070000	  -0.090000
 180.5	 -0.380	   0.280000	   0.160000
 181.3	 -0.390	   0.630000	   0.520000
 182.1	  0.220	   0.620000	   0.770000
 182.8	  0.730	   0.350000	   0.480000
 183.6	  0.830	  -0.200000	  -0.080000
 184.4	  0.570	  -0.850000	  -0.510000
 185.2	 -0.290	  -0.970000	  -0.500000
 186.0	 -0.640	  -0.490000	  -0.090000
 186.7	 -0.610	   0.070000	   0.070000
 187.5	 -0.510	   0.530000	  -0.080000
 188.3	 -0.280	   0.690000	   0.020000
 189.1	  0.250	   0.320000	   0.100000
 189.9	  0.490	  -0.200000	  -0.010000
 190.7	  0.180	  -0.350000	  -0.200000
 191.4	 -0.150	  -0.080000	  -0.100000
 192.2	  0.130	   0.000000	   0.050000
 193.0	  0.220	  -0.140000	  -0.050000
 193.8	  0.120	  -0.210000	  -0.110000
 194.6	  0.060	  -0.220000	   0.020000
 195.3	 -0.070	  -0.080000	   0.090000
 196.1	  0.100	  -0.100000	   0.010000
 196.9	 -0.310	   0.010000	  -0.100000
 197.7	 -0.450	   0.250000	  -0.020000
 198.5	 -0.390	   0.560000	   0.340000
 199.2	 -0.160	   0.620000	   0.510000
 200.0	  0.100	   0.430000	   0.640000
 200.8	  0.570	   0.060000	   0.460000
 201.6	  0.720	  -0.470000	  -0.140000
 202.4	  0.290	  -0.680000	  -0.550000
 203.2	  0.020	  -0.420000	  -0.610000
 203.9	 -0.030	  -0.380000	  -0.640000
 204.7	 -0.480	  -0.260000	  -0.400000
 205.5	 -0.750	   0.080000	   0.200000
 206.3	 -0.590	   0.530000	   0.640000
 207.1	  0.080	   0.640000	   0.560000
 207.8	  0.480	   0.330000	   0.260000
 208.6	  0.450	   0.000000	  -0.170000
 209.4	  0.410	  -0.290000	  -0.190000
 210.2	  0.120	  -0.410000	  -0.110000
 211.0	 -0.110	  -0.200000	  -0.360000
 211.7	  0.190	  -0.140000	  -0.360000
 212.5	 -0.040	  -0.140000	  -0.220000
 213.3	 -0.360	   0.050000	  -0.100000
 214.1	 -0.340	   0.190000	  -0.040000
 214.9	 -0.180	   0.020000	   0.120000
 215.7	 -0.400	   0.050000	   0.410000
 216.4	 -0.350	   0.420000	   0.660000
 217.2	  0.310	   0.460000	   0.530000
 218.0	  0.710	   0.110000	   0.010000
 218.8	  0.420	  -0.130000	  -0.200000
 219.6	  0.270	  -0.180000	  -0.240000
 220.3	  0.240	  -0.520000	  -0.340000
 221.1	 -0.270	  -0.530000	  -0.550000
 221.9	 -0.460	  -0.060000	  -0.630000
 222.7	 -0.410	   0.210000	  -0.210000
 223.5	 -0.180	   0.090000	   0.340000
 224.2	 -0.080	  -0.130000	   0.750000
 225.0	 -0.300	  -0.050000	   0.980000
 225.8	 -0.170	   0.510000	   0.830000
 226.6	  0.620	   0.720000	   0.300000
 227.4	  0.880	   0.240000	  -0.460000
 228.2	  0.620	  -0.280000	  -0.820000
 228.9	  0.190	  -0.440000	  -0.730000
 229.7	  0.000	  -0.510000	  -0.490000
 230.5	 -0.280	  -0.670000	  -0.290000
 231.3	 -0.860	  -0.500000	   0.030000
 232.1	 -1.160	  -0.090000	   0.650000
 232.8	 -0.850	   0.540000	   0.840000
 233.6	 -0.100	   1.040000	   0.490000
 234.4	  0.580	   1.080000	   0.110000
 235.2	  1.120	   0.360000	  -0.280000
 236.0	  1.250	  -0.590000	  -0.600000
 236.8	  0.780	  -1.150000	  -0.720000
 237.5	  0.000	  -1.100000	  -0.600000
 238.3	 -0.960	  -0.490000	  -0.130000
 239.1	 -1.320	   0.400000	   0.510000
 239.9	 -0.790	   0.880000	   0.830000
 240.7	 -0.340	   1.030000	   0.900000
 241.4	  0.370	   0.830000	   0.790000
 242.2	  0.960	   0.110000	   0.430000
 243.0	  0.960	  -0.500000	   0.050000
 243.8	  0.770	  -0.790000	  -0.650000
 244.6	  0.140	  -0.940000	  -1.280000
 245.3	 -0.960	  -0.360000	  -1.310000
 246.1	 -0.930	   0.360000	  -0.590000
 246.9	 -0.340	   0.150000	   0.380000
 247.7	 -0.320	   0.080000	   1.030000
 248.5	 -0.270	   0.350000	   1.150000
 249.3	  0.260	   0.270000	   0.880000
 250.0	  0.660	   0.170000	   0.560000
 250.8	  1.120	  -0.260000	  -0.190000
 251.6	  0.770	  -0.780000	  -0.970000
 252.4	  0.030	  -0.970000	  -1.060000
 253.2	 -0.630	  -0.790000	  -0.540000
 253.9	 -0.850	  -0.250000	   0.030000
 254.7	 -0.860	   0.250000	   0.230000
 255.5	 -0.880	   0.960000	   0.510000
 256.3	 -0.150	   1.310000	   0.490000
 257.1	  0.490	   0.950000	   0.310000
 257.8	  0.940	   0.420000	   0.140000
 258.6	  0.950	  -0.130000	  -0.070000
 259.4	  0.670	  -0.670000	   0.010000
 260.2	  0.470	  -1.020000	   0.040000
 261.0	 -0.120	  -1.000000	  -0.350000
 261.8	 -0.950	  -0.430000	  -0.550000
 262.5	 -1.070	   0.140000	  -0.150000
 263.3	 -0.990	   0.520000	   0.520000
 264.1	 -0.330	   0.740000	   0.760000
 264.9	  0.180	   0.740000	   0.250000
 265.7	  0.480	   0.650000	  -0.260000
 266.4	  0.850	   0.240000	  -0.280000
 267.2	  0.930	  -0.460000	  -0.130000
 268.0	  0.760	  -0.840000	   0.030000
 268.8	  0.330	  -0.760000	  -0.060000
 269.6	 -0.280	  -0.590000	  -0.250000
 270.3	 -0.850	  -0.130000	   0.020000
 271.1	 -0.860	   0.240000	   0.190000
 271.9	 -0.760	   0.440000	   0.310000
 272.7	 -0.340	   0.750000	   0.270000
 273.5	  0.060	   0.810000	   0.190000
 274.3	  0.520	   0.390000	   0.230000
 275.0	  0.930	  -0.290000	  -0.140000
 275.8	  0.370	  -0.840000	  -0.600000
 276.6	 -0.240	  -0.840000	  -0.700000
 277.4	 -0.350	  -0.210000	  -0.470000
 278.2	 -0.100	   0.010000	  -0.140000
 278.9	 -0.020	  -0.090000	   0.110000
 279.7	  0.060	   0.150000	   0.320000
 280.5	  0.290	   0.110000	   0.350000
 281.3	  0.150	  -0.100000	   0.240000
 282.1	 -0.140	  -0.100000	   0.230000
 282.9	 -0.450	   0.340000	   0.420000
 283.6	 -0.030	   0.500000	   0.370000
 284.4	  0.260	   0.130000	   0.060000
 285.2	  0.100	  -0.140000	  -0.140000
 286.0	  0.010	  -0.220000	  -0.270000
 286.8	 -0.120	  -0.100000	  -0.310000
 287.5	 -0.210	  -0.020000	   0.040000
 288.3	 -0.280	   0.190000	   0.640000
 289.1	  0.300	   0.280000	   0.570000
 289.9	  0.720	   0.080000	  -0.220000
 290.7	  0.650	  -0.640000	  -0.770000
 291.4	 -0.270	  -0.970000	  -0.650000
 292.2	 -0.960	  -0.320000	  -0.270000
 293.0	 -1.050	   0.610000	  -0.030000
 293.8	 -0.280	   1.100000	   0.080000
 294.6	  0.440	   0.710000	  -0.040000
 295.4	  0.500	   0.070000	  -0.020000
 296.1	  0.610	  -0.380000	   0.330000
 296.9	  0.290	  -0.430000	   0.650000
 297.7	  0.330	  -0.340000	   0.360000
 298.5	  0.500	  -0.460000	  -0.140000
 299.3	  0.160	  -0.570000	  -0.420000
 300.0	 -0.640	  -0.240000	  -0.480000
 300.8	 -0.940	   0.270000	  -0.240000
 301.6	 -1.030	   0.650000	   0.290000
 302.4	 -0.660	   0.840000	   0.820000
 303.2	  0.110	   0.750000	   0.640000
 303.9	  0.590	   0.430000	   0.250000
 304.7	  0.880	  -0.120000	   0.120000
 305.5	  1.030	  -0.780000	   0.080000
 306.3	  0.750	  -1.150000	  -0.420000
 307.1	 -0.180	  -0.860000	  -0.960000
 307.9	 -0.660	  -0.170000	  -0.800000
 308.6	 -0.770	   0.490000	  -0.400000
 309.4	 -0.480	   0.960000	   0.060000
 310.2	 -0.180	   0.810000	   0.600000
 311.0	  0.230	   0.310000	   0.870000
 311.8	  0.550	  -0.260000	   0.520000
 312.5	  0.210	  -0.590000	   0.200000
 313.3	  0.280	  -0.730000	   0.080000
 314.1	  0.170	  -0.690000	  -0.270000
 314.9	 -0.230	  -0.570000	  -0.520000
 315.7	 -0.570	  -0.240000	  -0.410000
 316.4	 -0.560	   0.180000	  -0.150000
 317.2	 -0.280	   0.570000	  -0.150000
 318.0	 -0.040	   0.780000	  -0.220000
 318.8	  0.100	   0.760000	   0.200000
 319.6	  0.670	   0.220000	   0.620000
 320.4	  0.590	  -0.430000	   0.510000
 321.1	  0.180	  -0.600000	   0.230000
 321.9	 -0.020	  -0.390000	  -0.010000
 322.7	 -0.140	  -0.080000	  -0.010000
 323.5	 -0.390	   0.420000	   0.220000
 324.3	 -0.080	   0.630000	   0.160000
 325.0	  0.520	   0.270000	  -0.290000
 325.8	 -0.020	  -0.130000	  -0.380000
 326.6	 -0.570	   0.150000	   0.010000
 327.4	  0.030	   0.010000	   0.150000
 328.2	  0.010	  -0.190000	   0.090000
 329.0	 -0.140	  -0.060000	   0.120000
 329.7	  0.110	  -0.030000	   0.180000
 330.5	  0.330	  -0.250000	  -0.200000
 331.3	  0.080	  -0.420000	  -0.510000
 332.1	 -0.380	  -0.160000	  -0.550000
 332.9	 -0.230	   0.060000	  -0.200000
 333.6	  0.000	   0.010000	   0.100000
 334.4	 -0.040	   0.000000	   0.250000
 335.2	 -0.050	   0.290000	   0.180000
 336.0	  0.240	   0.300000	   0.080000
 336.8	  0.580	  -0.150000	   0.030000
 337.5	  0.150	  -0.350000	  -0.070000
 338.3	 -0.250	  -0.180000	  -0.170000
 339.1	 -0.240	   0.110000	   0.040000
 339.9	 -0.080	   0.170000	   0.250000
 340.7	 -0.170	   0.270000	   0.270000
 341.5	  0.000	   0.330000	   0.100000
 342.2	  0.020	   0.260000	   0.120000
 343.0	  0.090	   0.260000	   0.180000
 343.8	  0.330	  -0.120000	   0.080000
 344.6	  0.080	  -0.400000	  -0.050000
 345.4	  0.000	  -0.330000	  -0.090000
 346.1	 -0.330	  -0.030000	   0.010000
 346.9	 -0.180	   0.060000	  -0.060000
 347.7	  0.020	  -0.050000	  -0.320000
 348.5	  0.060	  -0.220000	  -0.300000
 349.3	  0.000	  -0.200000	  -0.370000
 350.0	 -0.280	  -0.020000	  -0.140000
 350.8	  0.030	   0.090000	   0.320000
 351.6	  0.310	  -0.110000	   0.200000
 352.4	  0.250	  -0.180000	  -0.110000
 353.2	  0.360	  -0.310000	  -0.180000
 354.0	  0.140	  -0.480000	  -0.060000
 354.7	 -0.190	  -0.350000	  -0.080000
 355.5	 -0.570	   0.030000	  -0.070000
 356.3	 -0.860	   0.610000	   0.330000
 357.1	 -0.490	   0.990000	   0.700000
 357.9	 -0.030	   1.110000	   0.740000
 358.6	  0.380	   1.030000	   0.620000
 359.4	  1.120	   0.560000	   0.130000
 360.2	  1.450	  -0.570000	  -0.560000
 361.0	  0.530	  -1.620000	  -0.820000
 361.8	 -0.790	  -1.450000	  -0.550000
 362.5	 -1.060	  -0.390000	  -0.210000
 363.3	 -0.800	   0.340000	   0.080000
 364.1	 -0.670	   0.650000	   0.270000
 364.9	 -0.160	   0.800000	   0.520000
 365.7	  0.390	   0.640000	   0.490000
 366.5	  0.770	   0.180000	   0.200000
 367.2	  0.810	  -0.480000	   0.050000
 368.0	  0.600	  -0.880000	   0.010000
 368.8	  0.290	  -0.930000	  -0.450000
 369.6	 -0.330	  -0.890000	  -0.650000
 370.4	 -1.040	  -0.330000	  -0.170000
 371.1	 -0.880	   0.420000	   0.350000
 371.9	 -0.610	   0.870000	   0.550000
 372.7	 -0.280	   1.150000	   0.370000
 373.5	  0.410	   1.040000	   0.280000
 374.3	  1.010	   0.340000	   0.240000
 375.1	  1.260	  -0.670000	  -0.080000
 375.8	  0.490	  -1.340000	  -0.570000
 376.6	 -0.390	  -1.140000	  -0.550000
 377.4	 -0.570	  -0.470000	  -0.170000
 378.2	 -0.560	   0.110000	   0.090000
 379.0	 -0.600	   0.450000	   0.480000
 379.7	 -0.170	   0.670000	   0.410000
 380.5	  0.460	   0.280000	   0.050000
 381.3	  0.180	  -0.270000	   0.040000
 382.1	 -0.150	  -0.180000	   0.110000
 382.9	  0.170	   0.130000	  -0.230000
 383.6	  0.410	   0.100000	  -0.370000
 384.4	  0.290	  -0.120000	  -0.190000
 385.2	  0.180	  -0.210000	   0.010000
 386.0	 -0.120	  -0.180000	   0.090000
 386.8	 -0.410	  -0.060000	   0.240000
 387.6	 -0.490	   0.330000	   0.340000
 388.3	 -0.500	   0.650000	   0.470000
 389.1	 -0.340	   0.870000	   0.540000
 389.9	  0.490	   0.810000	   0.100000
 390.7	  0.980	   0.070000	  -0.700000
 391.5	  0.570	  -0.820000	  -0.790000
 392.2	 -0.110	  -1.090000	  -0.530000
 393.0	 -0.600	  -0.650000	  -0.320000
 393.8	 -0.570	  -0.020000	   0.000000
 394.6	 -0.350	   0.340000	   0.360000
 395.4	 -0.010	   0.390000	   0.590000
 396.1	  0.390	   0.360000	   0.440000
 396.9	  0.620	   0.080000	   0.080000
 397.7	  0.540	  -0.280000	  -0.080000
 398.5	  0.340	  -0.540000	  -0.040000
 399.3	 -0.120	  -0.680000	  -0.190000
 400.1	 -0.700	  -0.490000	  -0.350000
 400.8	 -0.720	   0.080000	  -0.190000
 401.6	 -0.400	   0.390000	   0.000000
 402.4	 -0.230	   0.360000	   0.400000
 403.2	  0.130	   0.450000	   0.340000
 404.0	  0.390	   0.480000	   0.000000
 404.7	  0.610	   0.130000	   0.150000
 405.5	  0.770	  -0.340000	   0.200000
 406.3	  0.470	  -0.580000	  -0.200000
 407.1	 -0.100	  -0.570000	  -0.370000
 407.9	 -1.030	  -0.030000	  -0.140000
 408.6	 -1.020	   0.800000	   0.100000
 409.4	 -0.480	   1.050000	   0.420000
 410.2	 -0.030	   0.930000	   0.610000
 411.0	  0.790	   0.080000	   0.350000
 411.8	  1.040	  -1.080000	  -0.070000
 412.6	  0.440	  -1.480000	  -0.410000
 413.3	 -0.100	  -1.140000	  -0.510000
 414.1	 -0.320	  -0.570000	  -0.500000
 414.9	 -0.230	  -0.070000	  -0.380000
 415.7	 -0.510	   0.420000	  -0.160000
 416.5	 -0.500	   0.700000	   0.350000
 417.2	  0.060	   0.680000	   0.640000
 418.0	  0.420	   0.540000	   0.460000
 418.8	  0.620	   0.170000	   0.180000
 419.6	  0.530	  -0.370000	  -0.050000
 420.4	  0.170	  -0.610000	  -0.080000
 421.2	 -0.260	  -0.390000	  -0.140000
 421.9	 -0.850	   0.170000	  -0.210000
 422.7	 -1.050	   0.940000	  -0.050000
 423.5	 -0.490	   1.250000	   0.300000
 424.3	  0.340	   0.980000	   0.480000
 425.1	  0.950	   0.230000	   0.420000
 425.8	  1.080	  -0.690000	   0.080000
 426.6	  0.520	  -1.270000	  -0.260000
 427.4	 -0.280	  -1.140000	  -0.320000
 428.2	 -0.800	  -0.410000	  -0.160000
 429.0	 -0.610	   0.270000	   0.010000
 429.7	 -0.110	   0.520000	   0.000000
 430.5	  0.220	   0.240000	  -0.060000
 431.3	  0.140	  -0.010000	  -0.120000
 432.1	 -0.040	   0.010000	  -0.120000
 432.9	  0.200	  -0.170000	   0.150000
 433.7	  0.420	  -0.570000	   0.260000
 434.4	  0.100	  -0.530000	   0.080000
 435.2	 -0.300	  -0.230000	  -0.020000
 436.0	 -0.430	   0.260000	   0.000000
 436.8	 -0.010	   0.420000	  -0.060000
 437.6	  0.060	   0.410000	  -0.190000
 438.3	  0.200	   0.180000	  -0.150000
 439.1	  0.000	  -0.010000	   0.060000
 439.9	 -0.330	   0.080000	   0.280000
 440.7	 -0.060	   0.140000	   0.370000
 441.5	  0.240	  -0.040000	   0.250000
 442.2	  0.460	  -0.270000	  -0.060000
 443.0	  0.250	  -0.530000	  -0.140000
 443.8	 -0.190	  -0.530000	  -0.040000
 444.6	 -0.530	  -0.010000	   0.010000
 445.4	 -0.470	   0.710000	   0.130000
 446.2	 -0.060	   0.970000	  -0.050000
 446.9	  0.200	   0.700000	  -0.340000
 447.7	  0.520	   0.080000	  -0.230000
 448.5	  0.360	  -0.440000	  -0.170000
 449.3	 -0.220	  -0.400000	  -0.100000
 450.1	 -0.160	  -0.270000	   0.100000
 450.8	 -0.020	  -0.320000	   0.220000
 451.6	  0.030	  -0.240000	   0.170000
 452.4	  0.010	  -0.060000	  -0.230000
 453.2	 -0.010	  -0.010000	  -0.200000
 454.0	 -0.040	   0.110000	   0.130000
 454.7	 -0.020	   0.270000	   0.340000
 455.5	  0.030	   0.220000	   0.160000
 456.3	  0.000	   0.130000	  -0.070000
 457.1	  0.150	  -0.070000	   0.030000
 457.9	  0.010	  -0.250000	   0.070000
 458.7	 -0.540	  -0.110000	  -0.010000
 459.4	 -0.390	   0.330000	   0.210000
 460.2	  0.380	   0.340000	   0.070000
 461.0	  0.610	   0.000000	  -0.370000
 461.8	  0.220	  -0.420000	  -0.410000
 462.6	 -0.240	  -0.420000	  -0.010000
 463.3	 -0.470	   0.150000	   0.390000
 464.1	 -0.080	   0.510000	   0.350000
 464.9	  0.430	   0.210000	  -0.070000
 465.7	  0.380	  -0.190000	  -0.280000
 466.5	  0.120	  -0.410000	  -0.210000
 467.3	 -0.220	  -0.470000	  -0.160000
 468.0	 -0.660	  -0.280000	   0.140000
 468.8	 -0.620	   0.120000	   0.570000
 469.6	 -0.150	   0.410000	   0.700000
 470.4	  0.390	   0.320000	   0.370000
 471.2	  0.570	   0.280000	  -0.490000
 471.9	  0.650	   0.100000	  -0.730000
 472.7	  0.620	  -0.610000	  -0.610000
 473.5	  0.000	  -1.020000	  -0.330000
 474.3	 -0.630	  -0.530000	  -0.040000
 475.1	 -0.840	   0.100000	   0.110000
 475.8	 -0.630	   0.580000	   0.300000
 476.6	 -0.250	   0.670000	   0.570000
 477.4	  0.210	   0.600000	   0.590000
 478.2	  0.560	   0.410000	   0.250000
 479.0	  0.570	   0.120000	  -0.090000
 479.8	  0.320	  -0.130000	  -0.220000
 480.5	  0.360	  -0.340000	  -0.400000
 481.3	  0.170	  -0.560000	  -0.510000
 482.1	 -0.360	  -0.440000	  -0.550000
 482.9	 -0.800	   0.080000	  -0.350000
 483.7	 -0.520	   0.370000	   0.150000
 484.4	 -0.210	   0.360000	   0.460000
 485.2	  0.110	   0.250000	   0.540000
 486.0	  0.340	   0.130000	   0.450000
 486.8	  0.190	   0.090000	   0.250000
 487.6	  0.140	   0.180000	   0.130000
 488.3	  0.360	   0.000000	   0.110000
 489.1	  0.460	  -0.410000	  -0.140000
 489.9	  0.340	  -0.660000	  -0.330000
 490.7	 -0.230	  -0.580000	  -0.280000
 491.5	 -0.720	  -0.260000	  -0.010000
 492.3	 -0.470	  -0.010000	   0.040000
 493.0	 -0.270	   0.160000	  -0.140000
 493.8	 -0.160	   0.210000	  -0.050000
 494.6	 -0.120	   0.150000	   0.230000
 495.4	 -0.050	   0.460000	  -0.050000
 496.2	  0.490	   0.620000	  -0.230000
 496.9	  0.630	   0.160000	   0.070000
 497.7	  0.550	  -0.360000	   0.300000
 498.5	  0.490	  -0.610000	   0.170000
 499.3	  0.250	  -0.810000	  -0.190000
 500.1	 -0.450	  -0.790000	  -0.320000
 500.8	 -1.310	  -0.090000	   0.050000
 501.6	 -1.150	   0.820000	   0.350000
 502.4	 -0.400	   1.270000	   0.470000
 503.2	  0.450	   0.890000	   0.310000
 504.0	  0.900	   0.300000	   0.110000
 504.8	  1.150	  -0.310000	  -0.210000
 505.5	  1.000	  -1.010000	  -0.430000
 506.3	  0.290	  -1.240000	  -0.530000
 507.1	 -0.650	  -0.960000	  -0.480000
 507.9	 -1.650	  -0.020000	   0.100000
 508.7	 -1.360	   1.030000	   0.840000
 509.4	 -0.400	   1.630000	   0.930000
 510.2	  0.580	   1.430000	   0.400000
 511.0	  1.190	   0.490000	  -0.300000
 511.8	  1.390	  -0.690000	  -0.570000
 512.6	  0.850	  -1.480000	  -0.420000
 513.4	 -0.170	  -1.550000	  -0.150000
 514.1	 -1.090	  -0.850000	   0.040000
 514.9	 -1.340	   0.240000	   0.520000
 515.7	 -0.850	   0.990000	   0.900000
 516.5	 -0.120	   1.120000	   1.140000
 517.3	  0.930	   0.640000	   0.580000
 518.0	  1.230	  -0.300000	  -0.440000
 518.8	  0.780	  -1.050000	  -1.050000
 519.6	  0.140	  -1.300000	  -0.860000
 520.4	 -0.530	  -0.950000	  -0.600000
 521.2	 -0.770	  -0.240000	  -0.250000
 521.9	 -0.820	   0.520000	   0.180000
 522.7	 -0.170	   0.670000	   0.550000
 523.5	  0.010	   0.360000	   0.600000
 524.3	 -0.230	   0.660000	   0.360000
 525.1	  0.330	   0.940000	   0.240000
 525.9	  0.810	   0.620000	   0.220000
 526.6	  0.970	  -0.110000	   0.080000
 527.4	  0.710	  -0.760000	  -0.190000
 528.2	  0.020	  -1.140000	  -0.410000
 529.0	 -1.070	  -0.710000	  -0.380000
 529.8	 -1.350	   0.290000	   0.190000
 530.5	 -0.900	   0.790000	   0.720000
 531.3	 -0.080	   0.770000	   0.320000
 532.1	  0.620	   0.310000	  -0.180000
 532.9	  0.370	  -0.040000	  -0.170000
 533.7	  0.540	  -0.310000	   0.000000
 534.4	  0.900	  -0.700000	  -0.140000
 535.2	  0.480	  -0.920000	  -0.390000
 536.0	 -0.220	  -0.710000	  -0.380000
 536.8	 -0.720	  -0.160000	  -0.120000
 537.6	 -0.470	   0.350000	   0.310000
 538.4	 -0.130	   0.610000	   0.400000
 539.1	  0.110	   0.530000	   0.120000
 539.9	  0.120	   0.210000	   0.000000
 540.7	  0.140	  -0.160000	   0.130000
 541.5	 -0.100	  -0.150000	   0.260000
 542.3	 -0.200	   0.070000	   0.070000
 543.0	 -0.060	   0.060000	  -0.250000
 543.8	 -0.210	   0.160000	  -0.410000
 544.6	 -0.090	   0.310000	  -0.140000
 545.4	  0.180	   0.360000	   0.140000
 546.2	  0.510	   0.030000	   0.120000
 546.9	  0.380	  -0.130000	  -0.060000
 547.7	  0.060	  -0.170000	  -0.030000
 548.5	  0.000	  -0.300000	   0.150000
 549.3	 -0.140	  -0.260000	   0.130000
 550.1	 -0.610	   0.000000	   0.260000
 550.9	 -0.310	   0.210000	   0.300000
 551.6	  0.310	   0.010000	  -0.040000
 552.4	  0.230	  -0.180000	  -0.520000
 553.2	  0.120	  -0.280000	  -0.760000
 554.0	  0.030	  -0.420000	  -0.480000
 554.8	 -0.250	  -0.250000	   0.100000
 555.5	 -0.350	   0.140000	   0.460000
 556.3	 -0.250	   0.240000	   0.650000
 557.1	  0.020	   0.360000	   0.730000
 557.9	  0.640	   0.270000	   0.320000
 558.7	  0.790	  -0.150000	  -0.290000
 559.5	  0.530	  -0.630000	  -0.500000
 560.2	 -0.340	  -0.640000	  -0.280000
 561.0	 -0.870	   0.000000	  -0.090000
 561.8	 -0.720	   0.730000	  -0.100000
 562.6	 -0.300	   0.920000	   0.030000
 563.4	  0.060	   0.500000	   0.500000
 564.1	  0.150	   0.170000	   0.540000
 564.9	  0.220	   0.150000	  -0.100000
 565.7	  0.590	  -0.170000	  -0.400000
 566.5	  0.330	  -0.550000	  -0.420000
 567.3	 -0.220	  -0.370000	  -0.310000
 568.0	 -0.040	  -0.040000	   0.060000
 568.8	  0.150	  -0.130000	   0.290000
 569.6	 -0.230	   0.000000	   0.300000
 570.4	  0.060	   0.140000	   0.260000
 571.2	  0.340	  -0.220000	   0.000000
 572.0	 -0.290	  -0.360000	  -0.300000
 572.7	 -0.720	   0.140000	  -0.070000
 573.5	 -0.350	   0.530000	   0.370000
 574.3	  0.260	   0.250000	   0.390000
 575.1	  0.760	  -0.280000	  -0.020000
 575.9	  0.460	  -0.600000	  -0.490000
 576.6	  0.020	  -0.690000	  -0.490000
 577.4	 -0.350	  -0.450000	  -0.290000
 578.2	 -0.550	   0.040000	  -0.100000
 579.0	 -0.420	   0.540000	   0.180000
 579.8	  0.050	   0.710000	   0.360000
 580.5	  0.490	   0.060000	   0.220000
 581.3	  0.310	  -0.350000	   0.000000
 582.1	  0.000	  -0.100000	  -0.150000
 582.9	 -0.220	   0.180000	   0.030000
 583.7	 -0.390	   0.470000	   0.350000
 584.5	  0.190	   0.560000	   0.400000
 585.2	  0.630	   0.190000	  -0.010000
 586.0	  0.270	  -0.020000	  -0.420000
 586.8	 -0.030	  -0.170000	  -0.260000
 587.6	 -0.080	  -0.330000	   0.080000
 588.4	 -0.260	  -0.330000	   0.030000
 589.1	 -0.810	   0.060000	  -0.050000
 589.9	 -0.510	   0.410000	   0.200000
 590.7	  0.010	   0.190000	   0.320000
 591.5	  0.200	  -0.110000	   0.300000
 592.3	  0.400	  -0.180000	  -0.230000
 593.1	  0.620	  -0.120000	  -0.780000
 593.8	  0.460	  -0.270000	  -0.430000
 594.6	  0.260	  -0.590000	  -0.020000
 595.4	 -0.110	  -0.560000	   0.010000
 596.2	 -0.440	  -0.080000	  -0.050000
 597.0	 -0.360	   0.160000	   0.250000
 597.7	 -0.230	   0.210000	   0.450000
 598.5	 -0.100	   0.350000	   0.180000
 599.3	  0.110	   0.180000	   0.060000
 600.1	 -0.010	   0.030000	   0.040000
 600.9	  0.130	   0.000000	  -0.130000
 601.6	  0.340	  -0.130000	  -0.240000
 602.4	  0.200	  -0.360000	  -0.260000
 603.2	 -0.360	  -0.210000	  -0.190000
 604.0	 -0.860	   0.370000	   0.470000
 604.8	 -0.600	   1.020000	   1.130000
 605.6	  0.090	   1.270000	   1.070000
 606.3	  0.920	   0.850000	   0.540000
 607.1	  1.380	  -0.170000	  -0.460000
 607.9	  0.820	  -1.130000	  -1.180000
 608.7	 -0.310	  -1.420000	  -1.150000
 609.5	 -0.990	  -0.960000	  -0.490000
 610.2	 -0.840	  -0.290000	  -0.030000
 611.0	 -0.600	   0.150000	   0.180000
 611.8	 -0.090	   0.170000	   0.470000
 612.6	  0.140	   0.160000	   0.390000
 613.4	  0.180	   0.400000	   0.080000
 614.1	  0.500	   0.440000	  -0.160000
 614.9	  0.740	  -0.070000	  -0.260000
 615.7	  0.530	  -0.490000	  -0.080000
 616.5	  0.040	  -0.510000	  -0.010000
 617.3	 -0.350	  -0.270000	   0.050000
 618.1	 -0.670	   0.040000	   0.300000
 618.8	 -0.760	   0.290000	   0.660000
 619.6	 -0.210	   0.330000	   0.790000
 620.4	  0.270	   0.110000	   0.290000
 621.2	  0.090	   0.100000	  -0.310000
 622.0	 -0.010	   0.180000	  -0.360000
 622.7	  0.020	   0.390000	  -0.410000
 623.5	  0.410	   0.420000	  -0.680000
 624.3	  0.550	  -0.010000	  -0.650000
 625.1	  0.370	  -0.390000	  -0.340000
 625.9	  0.170	  -0.630000	  -0.050000
 626.6	 -0.680	  -0.440000	   0.180000
 627.4	 -1.000	   0.350000	   0.590000
 628.2	 -0.470	   0.910000	   0.770000
 629.0	  0.220	   0.930000	   0.660000
 629.8	  0.610	   0.390000	   0.410000
 630.6	  0.710	  -0.290000	   0.110000
 631.3	  0.610	  -0.910000	  -0.280000
 632.1	  0.090	  -1.170000	  -0.560000
 632.9	 -0.540	  -0.850000	  -0.640000
 633.7	 -0.800	  -0.260000	  -0.390000
 634.5	 -0.430	   0.190000	  -0.130000
 635.2	 -0.120	   0.430000	   0.250000
 636.0	  0.150	   0.110000	   0.580000
 636.8	  0.390	  -0.050000	   0.440000
 637.6	  0.480	  -0.010000	   0.070000
 638.4	  0.170	  -0.010000	   0.020000
 639.2	  0.030	   0.070000	   0.050000
 639.9	  0.070	   0.110000	  -0.220000
 640.7	 -0.330	   0.330000	  -0.460000
 641.5	 -0.510	   0.790000	  -0.230000
 642.3	  0.070	   0.690000	  -0.020000
 643.1	  0.300	  -0.070000	   0.010000
 643.8	 -0.120	  -0.430000	   0.170000
 644.6	  0.000	  -0.360000	   0.400000
 645.4	  0.040	  -0.320000	   0.180000
 646.2	 -0.370	  -0.020000	  -0.010000
 647.0	 -0.160	   0.310000	  -0.060000
 647.7	  0.190	   0.210000	  -0.250000
 648.5	  0.330	  -0.030000	  -0.230000
 649.3	  0.490	  -0.250000	  -0.160000
 650.1	  0.210	  -0.530000	   0.000000
 650.9	 -0.250	  -0.530000	   0.200000
 651.7	 -0.300	  -0.220000	   0.290000
 652.4	 -0.210	  -0.100000	   0.370000
 653.2	 -0.020	  -0.120000	   0.430000
 654.0	  0.080	   0.110000	   0.020000
 654.8	  0.190	   0.230000	  -0.370000
 655.6	  0.190	  -0.060000	  -0.330000
 656.3	 -0.320	  -0.050000	  -0.180000
 657.1	 -0.500	   0.290000	   0.100000
 657.9	 -0.350	   0.780000	   0.190000
 658.7	  0.070	   1.010000	  -0.130000
 659.5	  0.500	   0.620000	  -0.250000
 660.2	  0.650	  -0.010000	  -0.220000
 661.0	  0.220	  -0.500000	  -0.070000
 661.8	 -0.170	  -0.430000	   0.230000
 662.6	 -0.070	  -0.320000	   0.410000
 663.4	 -0.260	  -0.190000	   0.220000
 664.2	 -0.270	  -0.080000	  -0.170000
 664.9	 -0.590	   0.260000	  -0.200000
 665.7	 -0.300	   0.470000	   0.170000
 666.5	  0.270	   0.210000	   0.330000
 667.3	  0.440	  -0.040000	   0.020000
 668.1	  0.480	  -0.170000	  -0.200000
 668.8	  0.630	  -0.400000	  -0.210000
 669.6	  0.640	  -0.800000	   0.010000
 670.4	  0.260	  -1.080000	  -0.020000
 671.2	 -0.400	  -0.950000	  -0.220000
 672.0	 -0.900	  -0.520000	  -0.070000
 672.7	 -0.970	   0.040000	   0.120000
 673.5	 -1.000	   0.710000	   0.170000
 674.3	 -0.460	   1.210000	   0.350000
 675.1	  0.210	   1.340000	   0.280000
 675.9	  0.650	   0.960000	   0.120000
 676.7	  1.110	   0.210000	  -0.070000
 677.4	  1.170	  -0.380000	  -0.220000
 678.2	  0.850	  -0.790000	  -0.450000
 679.0	  0.130	  -1.160000	  -0.540000
 679.8	 -0.960	  -0.830000	  -0.320000
 680.6	 -1.600	   0.460000	  -0.010000
 681.3	 -1.130	   1.520000	   0.500000
 682.1	 -0.440	   1.540000	   1.000000
 682.9	  0.410	   0.810000	   1.010000
 683.7	  1.080	   0.030000	   0.400000
 684.5	  1.230	  -0.740000	  -0.270000
 685.3	  0.900	  -1.390000	  -0.560000
 686.0	  0.190	  -1.590000	  -0.610000
 686.8	 -0.600	  -1.310000	  -0.160000
 687.6	 -0.840	  -0.700000	   0.460000
 688.4	 -0.590	  -0.090000	   0.430000
 689.2	 -0.210	   0.310000	  -0.280000
 689.9	 -0.260	   0.640000	  -0.390000
 690.7	 -0.450	   1.000000	   0.060000
 691.5	 -0.050	   1.030000	   0.360000
 692.3	  0.430	   0.610000	   0.440000
 693.1	  0.820	   0.130000	   0.310000
 693.8	  0.780	  -0.400000	   0.060000
 694.6	  0.200	  -0.690000	  -0.240000
 695.4	 -0.020	  -0.650000	  -0.530000
 696.2	 -0.140	  -0.440000	  -0.430000
 697.0	 -0.890	   0.200000	  -0.330000
 697.8	 -1.130	   1.050000	   0.140000
 698.5	 -0.430	   1.420000	   0.750000
 699.3	  0.690	   0.900000	   0.580000
 700.1	  1.100	  -0.230000	   0.060000
 700.9	  0.630	  -0.950000	  -0.320000
 701.7	 -0.090	  -0.810000	  -0.300000
 702.4	 -0.070	  -0.620000	  -0.110000
 703.2	  0.210	  -0.720000	  -0.030000
 704.0	  0.010	  -0.690000	  -0.210000
 704.8	 -0.290	  -0.400000	  -0.420000
 705.6	 -0.730	  -0.180000	  -0.090000
 706.3	 -1.080	   0.280000	   0.510000
 707.1	 -0.650	   0.960000	   0.730000
 707.9	  0.010	   1.400000	   0.500000
 708.7	  0.940	   0.960000	   0.050000
 709.5	  1.280	  -0.150000	  -0.120000
 710.3	  0.870	  -1.010000	  -0.120000
 711.0	  0.410	  -1.190000	  -0.170000
 711.8	 -0.280	  -0.770000	  -0.230000
 712.6	 -0.730	  -0.190000	  -0.150000
 713.4	 -0.840	   0.300000	   0.050000
 714.2	 -0.930	   0.810000	   0.340000
 714.9	 -0.370	   1.280000	   0.360000
 715.7	  0.610	   0.800000	   0.140000
 716.5	  0.810	   0.000000	   0.000000
 717.3	  0.640	  -0.650000	  -0.120000
 718.1	  0.260	  -0.810000	  -0.250000
 718.8	 -0.100	  -0.590000	  -0.160000
 719.6	 -0.140	  -0.410000	  -0.020000
 720.4	 -0.300	  -0.220000	  -0.010000
 721.2	 -0.720	   0.440000	  -0.070000
 722.0	 -0.250	   0.850000	  -0.100000
 722.8	  0.050	   0.440000	  -0.060000
 723.5	  0.050	  -0.070000	   0.260000
 724.3	  0.310	  -0.190000	   0.370000
 725.1	  0.300	  -0.290000	   0.210000
 725.9	  0.200	  -0.370000	   0.290000
 726.7	  0.180	  -0.150000	   0.110000
 727.4	  0.390	  -0.160000	  -0.340000
 728.2	  0.200	  -0.290000	  -0.620000
 729.0	 -0.360	  -0.320000	  -0.360000
 729.8	 -0.930	   0.110000	   0.020000
 730.6	 -0.860	   0.770000	   0.320000
 731.4	 -0.470	   1.180000	   0.600000
 732.1	  0.160	   0.980000	   0.680000
 732.9	  0.870	   0.270000	   0.380000
 733.7	  1.310	  -0.600000	  -0.060000
 734.5	  0.940	  -1.230000	  -0.560000
 735.3	  0.050	  -1.290000	  -0.830000
 736.0	 -0.700	  -0.790000	  -0.640000
 736.8	 -0.900	  -0.150000	  -0.200000
 737.6	 -0.990	   0.480000	   0.220000
 738.4	 -0.540	   0.830000	   0.440000
 739.2	 -0.030	   0.770000	   0.560000
 739.9	  0.290	   0.740000	   0.390000
 740.7	  0.760	   0.520000	   0.130000
 741.5	  1.100	  -0.290000	  -0.040000
 742.3	  0.860	  -1.080000	  -0.240000
 743.1	  0.190	  -1.340000	  -0.320000
 743.9	 -0.630	  -0.830000	  -0.200000
 744.6	 -0.780	  -0.110000	   0.100000
 745.4	 -0.950	   0.390000	   0.400000
 746.2	 -0.830	   0.920000	   0.450000
 747.0	 -0.220	   0.980000	   0.400000
 747.8	  0.410	   0.560000	   0.220000
 748.5	  0.690	   0.000000	   0.180000
 749.3	  0.780	  -0.340000	  -0.030000
 750.1	  0.820	  -0.670000	  -0.560000
 750.9	  0.430	  -1.020000	  -0.720000
 751.7	 -0.450	  -0.930000	  -0.400000
 752.4	 -1.110	   0.080000	  -0.150000
 753.2	 -0.840	   1.040000	   0.150000
 754.0	 -0.440	   1.270000	   0.530000
 754.8	  0.060	   1.180000	   0.700000
 755.6	  0.720	   0.620000	   0.690000
 756.4	  1.050	  -0.320000	   0.330000
 757.1	  0.770	  -0.990000	  -0.120000
 757.9	  0.100	  -1.060000	  -0.470000
 758.7	 -0.340	  -0.770000	  -0.550000
 759.5	 -0.500	  -0.400000	  -0.410000
 760.3	 -0.420	  -0.030000	  -0.470000
 761.0	 -0.430	   0.180000	  -0.380000
 761.8	 -0.760	   0.420000	   0.180000
 762.6	 -0.480	   0.730000	   0.900000
 763.4	  0.260	   0.420000	   1.090000
 764.2	  0.560	   0.040000	   0.530000
 764.9	  0.870	  -0.310000	  -0.240000
 765.7	  0.450	  -0.530000	  -0.740000
 766.5	  0.180	  -0.620000	  -0.560000
 767.3	  0.280	  -0.680000	  -0.290000
 768.1	 -0.140	  -0.620000	  -0.120000
 768.9	 -0.610	  -0.130000	   0.070000
 769.6	 -0.550	   0.450000	   0.240000
 770.4	 -0.550	   0.710000	   0.270000
 771.2	 -0.650	   1.280000	   0.680000
 772.0	  0.270	   1.470000	   0.780000
 772.8	  1.030	   0.650000	   0.150000
 773.5	  1.130	  -0.360000	  -0.390000
 774.3	  0.630	  -1.070000	  -0.460000
 775.1	 -0.040	  -1.260000	  -0.290000
 775.9	 -0.780	  -0.900000	  -0.440000
 776.7	 -1.420	  -0.100000	  -0.400000
 777.5	 -1.080	   0.710000	   0.070000
 778.2	  0.000	   0.750000	   0.280000
 779.0	  0.550	   0.360000	   0.180000
 779.8	  0.740	  -0.060000	   0.090000
 780.6	  0.790	  -0.430000	   0.100000
 781.4	  0.550	  -0.640000	   0.130000
 782.1	  0.280	  -0.630000	   0.180000
 782.9	 -0.040	  -0.510000	   0.140000
 783.7	 -0.530	  -0.040000	   0.010000
 784.5	 -0.470	   0.320000	  -0.110000
 785.3	 -0.810	   0.750000	  -0.210000
 786.0	 -0.460	   0.980000	  -0.010000
 786.8	  0.060	   0.700000	   0.400000
 787.6	  0.380	   0.040000	   0.520000
 788.4	  0.520	  -0.620000	   0.310000
 789.2	  0.270	  -0.750000	   0.030000
 790.0	  0.240	  -0.470000	  -0.450000
 790.7	  0.060	  -0.160000	  -0.870000
 791.5	 -0.460	   0.200000	  -0.440000
 792.3	 -0.290	   0.690000	   0.080000
 793.1	  0.290	   0.600000	   0.220000
 793.9	  0.500	  -0.020000	   0.110000
 794.6	  0.170	  -0.530000	   0.160000
 795.4	 -0.480	  -0.460000	   0.390000
 796.2	 -0.680	   0.010000	   0.520000
 797.0	 -0.120	   0.270000	   0.380000
 797.8	  0.400	   0.240000	  -0.050000
 798.5	  0.420	  -0.030000	  -0.350000
 799.3	  0.240	  -0.210000	  -0.560000
 800.1	  0.080	  -0.300000	  -0.520000
 800.9	 -0.050	  -0.470000	  -0.310000
 801.7	 -0.480	  -0.130000	  -0.220000
 802.5	 -0.650	   0.410000	   0.020000
 803.2	 -0.280	   0.540000	   0.560000
 804.0	  0.090	   0.320000	   0.700000
 804.8	  0.310	   0.060000	   0.290000
 805.6	  0.300	  -0.040000	  -0.240000
 806.4	  0.440	  -0.050000	  -0.290000
 807.1	  0.570	  -0.330000	  -0.140000
 807.9	  0.220	  -0.530000	  -0.050000
 808.7	 -0.040	  -0.420000	   0.030000
 809.5	 -0.380	  -0.210000	   0.130000
 810.3	 -0.800	   0.310000	   0.350000
 811.0	 -0.290	   0.650000	   0.440000
 811.8	  0.060	   0.400000	  -0.100000
 812.6	 -0.070	   0.070000	  -0.280000
 813.4	 -0.120	   0.110000	  -0.110000
 814.2	  0.280	   0.140000	   0.140000
 815.0	  0.670	  -0.170000	  -0.080000
 815.7	  0.430	  -0.620000	  -0.200000
 816.5	 -0.120	  -0.700000	   0.050000
 817.3	 -0.490	  -0.300000	   0.150000
 818.1	 -0.450	   0.220000	   0.080000
 818.9	 -0.200	   0.590000	  -0.120000
 819.6	  0.120	   0.680000	  -0.180000
 820.4	  0.470	   0.360000	  -0.280000
 821.2	  0.500	  -0.190000	  -0.240000
 822.0	  0.240	  -0.560000	   0.080000
 822.8	 -0.240	  -0.500000	   0.310000
 823.6	 -0.630	  -0.030000	   0.330000
 824.3	 -0.260	   0.250000	   0.280000
 825.1	 -0.070	   0.340000	  -0.020000
 825.9	 -0.040	   0.300000	  -0.170000
 826.7	  0.050	   0.290000	  -0.080000
 827.5	  0.170	   0.100000	  -0.010000
 828.2	  0.170	   0.000000	   0.040000
 829.0	  0.310	  -0.060000	   0.040000
 829.8	  0.040	  -0.160000	   0.150000
 830.6	  0.070	  -0.250000	   0.170000
 831.4	  0.160	  -0.380000	   0.150000
 832.1	  0.100	  -0.520000	  -0.070000
 832.9	 -0.300	  -0.170000	  -0.560000
 833.7	 -0.610	   0.330000	  -0.700000
 834.5	 -0.440	   0.600000	  -0.220000
 835.3	 -0.060	   0.490000	   0.470000
 836.1	  0.240	   0.310000	   0.450000
 836.8	  0.440	  -0.090000	   0.140000
 837.6	  0.250	  -0.270000	   0.280000
 838.4	  0.180	  -0.340000	   0.370000
 839.2	  0.090	  -0.220000	  -0.090000
 840.0	 -0.050	  -0.040000	  -0.310000
 840.7	  0.000	  -0.050000	   0.000000
 841.5	  0.340	  -0.320000	  -0.110000
 842.3	  0.030	  -0.590000	  -0.470000
 843.1	 -0.720	  -0.310000	  -0.470000
 843.9	 -0.610	   0.200000	  -0.120000
 844.6	 -0.200	   0.310000	   0.090000
 845.4	 -0.430	   0.500000	   0.230000
 846.2	 -0.110	   0.610000	   0.540000
 847.0	  0.530	   0.570000	   0.600000
 847.8	  0.880	   0.180000	   0.230000
 848.6	  0.720	  -0.220000	  -0.150000
 849.3	  0.530	  -0.420000	  -0.290000
 850.1	  0.340	  -0.710000	  -0.250000
 850.9	 -0.390	  -0.780000	   0.190000
 851.7	 -0.660	  -0.320000	   0.230000
 852.5	 -0.940	   0.170000	  -0.030000
 853.2	 -1.100	   0.780000	   0.090000
 854.0	 -0.390	   1.310000	   0.130000
 854.8	  0.450	   1.150000	  -0.040000
 855.6	  0.820	   0.180000	   0.030000
 856.4	  0.840	  -0.620000	   0.020000
 857.1	  0.660	  -0.980000	  -0.330000
 857.9	  0.310	  -1.000000	  -0.530000
 858.7	 -0.160	  -0.780000	  -0.270000
 859.5	 -0.590	  -0.340000	   0.130000
 860.3	 -0.730	   0.080000	   0.400000
 861.1	 -0.530	   0.510000	   0.500000
 861.8	 -0.020	   0.830000	   0.030000
 862.6	  0.340	   0.470000	  -0.200000
 863.4	  0.130	   0.040000	  -0.120000
 864.2	  0.110	   0.000000	  -0.050000
 865.0	  0.060	   0.010000	  -0.050000
 865.7	  0.030	   0.190000	   0.020000
 866.5	  0.440	   0.000000	   0.170000
 867.3	  0.180	  -0.430000	   0.110000
 868.1	 -0.240	  -0.460000	   0.050000
 868.9	 -0.390	  -0.090000	   0.110000
 869.7	  0.080	   0.170000	   0.270000
 870.4	  0.290	   0.200000	   0.080000
 871.2	  0.130	  -0.050000	  -0.280000
 872.0	 -0.150	  -0.200000	  -0.290000
 872.8	 -0.360	  -0.150000	  -0.160000
 873.6	 -0.350	   0.060000	   0.070000
 874.3	 -0.090	   0.180000	   0.360000
 875.1	  0.090	   0.040000	   0.230000
 875.9	  0.110	  -0.190000	  -0.040000
 876.7	  0.030	  -0.140000	  -0.030000
 877.5	  0.390	  -0.080000	  -0.150000
 878.2	  0.480	  -0.200000	  -0.300000
 879.0	  0.080	  -0.330000	  -0.260000
 879.8	 -0.220	  -0.210000	  -0.230000
 880.6	 -0.830	   0.460000	   0.020000
 881.4	 -0.610	   1.060000	   0.530000
 882.2	  0.180	   0.880000	   0.550000
 882.9	  0.530	   0.480000	   0.220000
 883.7	  0.800	  -0.130000	  -0.160000
 884.5	  0.610	  -0.910000	  -0.310000
 885.3	 -0.010	  -1.150000	  -0.130000
 886.1	 -0.580	  -0.640000	  -0.130000
 886.8	 -0.640	  -0.020000	  -0.150000
 887.6	 -0.560	   0.390000	  -0.140000
 888.4	 -0.260	   0.660000	   0.000000
 889.2	  0.140	   0.630000	   0.160000
 890.0	  0.370	   0.390000	   0.250000
 890.7	  0.570	  -0.110000	   0.190000
 891.5	  0.220	  -0.470000	   0.180000
 892.3	 -0.070	  -0.200000	   0.150000
 893.1	  0.220	  -0.030000	   0.000000
 893.9	 -0.250	  -0.080000	  -0.030000
 894.7	 -0.330	  -0.100000	   0.150000
 895.4	  0.020	  -0.180000	   0.000000
 896.2	  0.040	  -0.390000	  -0.150000
 897.0	 -0.070	  -0.310000	  -0.260000
 897.8	 -0.330	   0.250000	  -0.430000
 898.6	 -0.240	   0.700000	  -0.050000
 899.3	  0.280	   0.480000	   0.180000
 900.1	  0.180	   0.250000	   0.140000
 900.9	  0.340	   0.150000	   0.130000
 901.7	  0.510	  -0.300000	   0.080000
 902.5	  0.200	  -0.580000	   0.070000
 903.2	 -0.090	  -0.490000	  -0.010000
 904.0	 -0.410	  -0.420000	   0.130000
 904.8	 -0.530	  -0.130000	   0.200000
 905.6	 -0.330	   0.180000	  -0.030000
 906.4	 -0.060	   0.260000	  -0.110000
 907.2	  0.010	   0.180000	  -0.290000
 907.9	 -0.110	   0.310000	  -0.280000
 908.7	 -0.120	   0.440000	   0.080000
 909.5	  0.320	   0.510000	   0.030000
 910.3	  0.850	  -0.050000	  -0.200000
 911.1	  0.550	  -0.690000	   0.010000
 911.8	 -0.020	  -0.720000	   0.300000
 912.6	 -0.270	  -0.340000	   0.270000
 913.4	 -0.350	  -0.020000	  -0.030000
 914.2	 -0.440	   0.310000	  -0.090000
 915.0	 -0.210	   0.480000	   0.040000
 915.8	 -0.060	   0.210000	   0.210000
 916.5	 -0.230	   0.110000	   0.170000
 917.3	  0.190	   0.200000	  -0.010000
 918.1	  0.310	   0.040000	  -0.060000
 918.9	 -0.090	   0.130000	   0.060000
 919.7	  0.450	   0.280000	   0.010000
 920.4	  0.680	  -0.170000	  -0.280000
 921.2	  0.190	  -0.700000	  -0.280000
 922.0	 -0.250	  -0.690000	  -0.020000
 922.8	 -0.520	  -0.250000	   0.110000
 923.6	 -0.800	   0.260000	   0.150000
 924.3	 -0.690	   0.790000	   0.100000
 925.1	 -0.050	   1.010000	  -0.060000
 925.9	  0.540	   0.530000	  -0.180000
 926.7	  0.650	  -0.310000	   0.030000
 927.5	  0.590	  -0.750000	  -0.050000
 928.3	  0.170	  -0.690000	  -0.140000
 929.0	 -0.110	  -0.400000	  -0.150000
 929.8	 -0.170	  -0.110000	   0.000000
 930.6	 -0.400	   0.040000	   0.330000
 931.4	 -0.340	   0.220000	   0.590000
 932.2	  0.000	   0.360000	   0.460000
 932.9	  0.150	   0.280000	   0.180000
 933.7	  0.290	  -0.100000	   0.000000
 934.5	  0.240	  -0.330000	  -0.230000
 935.3	  0.020	  -0.440000	  -0.240000
 936.1	 -0.150	  -0.400000	  -0.240000
 936.8	 -0.340	  -0.220000	  -0.270000
 937.6	 -0.580	   0.150000	  -0.020000
 938.4	 -0.160	   0.460000	   0.140000
 939.2	  0.080	   0.590000	   0.140000
 940.0	  0.460	   0.480000	   0.050000
 940.8	  0.770	   0.000000	   0.000000
 941.5	  0.530	  -0.480000	  -0.040000
 942.3	 -0.140	  -0.540000	  -0.070000
 943.1	 -0.530	  -0.280000	   0.010000
 943.9	 -0.720	   0.410000	  -0.100000
 944.7	 -0.190	   0.690000	  -0.110000
 945.4	  0.140	   0.460000	  -0.080000
 946.2	  0.220	   0.140000	  -0.260000
 947.0	  0.280	  -0.160000	  -0.350000
 947.8	  0.400	  -0.590000	  -0.020000
 948.6	  0.040	  -0.740000	   0.310000
 949.3	 -0.380	  -0.350000	   0.550000
 950.1	 -0.360	   0.130000	   0.540000
 950.9	 -0.330	   0.580000	   0.250000
 951.7	  0.080	   0.750000	   0.090000
 952.5	  0.390	   0.400000	   0.010000
 953.3	  0.320	   0.030000	  -0.130000
 954.0	  0.270	  -0.270000	  -0.340000
 954.8	  0.010	  -0.450000	  -0.120000
 955.6	 -0.170	  -0.430000	   0.060000
 956.4	 -0.540	  -0.220000	   0.140000
 957.2	 -0.530	   0.140000	   0.310000
 957.9	  0.060	   0.220000	   0.160000
 958.7	  0.390	   0.070000	  -0.210000
 959.5	  0.360	  -0.090000	  -0.350000
 960.3	  0.170	  -0.250000	  -0.220000
 961.1	 -0.220	  -0.150000	   0.150000
 961.9	 -0.030	   0.200000	   0.060000
 962.6	  0.060	   0.410000	  -0.300000
 963.4	  0.240	   0.130000	  -0.330000
 964.2	  0.420	  -0.400000	  -0.160000
 965.0	  0.050	  -0.720000	  -0.110000
 965.8	 -0.610	  -0.570000	   0.030000
 966.5	 -0.870	   0.140000	   0.270000
 967.3	 -0.500	   0.560000	   0.390000
 968.1	 -0.080	   0.770000	   0.470000
 968.9	  0.460	   0.700000	   0.330000
 969.7	  0.550	   0.460000	   0.250000
 970.4	  0.850	   0.050000	  -0.010000
 971.2	  0.930	  -0.740000	  -0.370000
 972.0	  0.040	  -1.170000	  -0.420000
 972.8	 -0.720	  -0.790000	  -0.200000
 973.6	 -0.810	  -0.050000	  -0.070000
 974.4	 -0.790	   0.520000	   0.110000
 975.1	 -0.460	   0.870000	   0.330000
 975.9	  0.120	   0.620000	   0.370000
 976.7	  0.280	   0.290000	   0.280000
 977.5	  0.500	   0.080000	   0.000000
 978.3	  0.500	  -0.190000	  -0.130000
 979.0	  0.310	  -0.450000	  -0.050000
 979.8	  0.330	  -0.640000	  -0.140000
 980.6	  0.190	  -0.620000	  -0.460000
 981.4	 -0.510	  -0.310000	  -0.400000
 982.2	 -0.670	   0.230000	   0.020000
 982.9	 -0.240	   0.470000	   0.160000
 983.7	 -0.020	   0.430000	   0.060000
 984.5	  0.010	   0.220000	  -0.020000
 985.3	 -0.220	   0.270000	   0.130000
 986.1	  0.010	   0.250000	   0.440000
 986.9	  0.470	  -0.050000	   0.390000
 987.6	  0.610	  -0.290000	   0.130000
 988.4	  0.420	  -0.500000	  -0.180000
 989.2	  0.030	  -0.530000	  -0.190000
 990.0	 -0.360	  -0.230000	  -0.160000
 990.8	 -0.220	   0.030000	  -0.290000
 991.5	 -0.550	   0.090000	  -0.160000
 992.3	 -0.670	   0.370000	   0.190000
 993.1	 -0.180	   0.460000	   0.200000
 993.9	  0.060	   0.490000	   0.030000
 994.7	  0.210	   0.350000	   0.220000
 995.4	  0.440	   0.140000	   0.350000
 996.2	  0.810	  -0.390000	   0.190000
 997.0	  0.510	  -0.750000	  -0.190000
 997.8	  0.030	  -0.500000	  -0.560000
 998.6	 -0.090	  -0.170000	  -0.460000
 999.4	 -0.140	  -0.150000	  -0.170000
1000.1	 -0.270	  -0.130000	  -0.120000
1000.9	 -0.450	   0.000000	  -0.050000
1001.7	 -0.730	   0.270000	   0.180000
1002.5	 -0.590	   0.610000	   0.640000
1003.3	 -0.190	   0.830000	   0.770000
1004.0	  0.400	   0.740000	   0.260000
1004.8	  0.960	   0.140000	  -0.130000
1005.6	  0.930	  -0.570000	  -0.410000
1006.4	  0.180	  -0.730000	  -0.600000
1007.2	  0.070	  -0.590000	  -0.600000
1008.0	 -0.130	  -0.490000	  -0.280000
1008.7	 -0.470	  -0.460000	   0.040000
1009.5	 -0.690	  -0.150000	   0.350000
1010.3	 -0.660	   0.320000	   0.640000
1011.1	 -0.390	   0.630000	   0.510000
1011.9	  0.160	   0.530000	   0.340000
1012.6	  0.560	   0.100000	   0.410000
1013.4	  0.750	  -0.080000	   0.160000
1014.2	  0.770	  -0.260000	  -0.460000
1015.0	  0.310	  -0.420000	  -0.930000
1015.8	 -0.260	  -0.360000	  -0.750000
1016.5	 -0.530	  -0.310000	  -0.040000
1017.3	 -1.020	   0.150000	   0.730000
1018.1	 -0.680	   0.850000	   0.800000
1018.9	  0.130	   0.700000	   0.240000
1019.7	  0.400	   0.380000	  -0.250000
1020.5	  0.660	   0.120000	  -0.530000
1021.2	  0.600	  -0.400000	  -0.470000
1022.0	 -0.020	  -0.610000	   0.020000
1022.8	 -0.350	  -0.350000	  -0.040000
1023.6	 -0.320	   0.180000	  -0.230000
1024.4	  0.020	   0.300000	   0.040000
1025.1	  0.200	  -0.010000	   0.320000
1025.9	  0.160	  -0.260000	   0.350000
